22415	5143
3310	5143
22415	9735
13142	9735
23134	9735
26138	9735
22415	17396
22415	26138
26138	9735
4700	5606
4700	9124
4700	5606
9124	5606
9124	1386
9829	1386
1386	2720
9124	1738
1738	11611
1738	20779
9124	2566
2566	6078
2566	16779
9124	2720
1386	2720
2720	6913
9124	5634
4472	5634
9124	9870
1310	9870
9870	24475
9124	16779
2566	16779
9124	24475
1310	24475
9870	24475
9124	25931
1310	25931
23186	25931
25931	930
25931	3946
25931	4493
25931	4760
25931	14627
25931	17189
25931	23720
21806	1817
1817	1024
1817	5366
1817	12552
1817	16513
21806	3725
24009	3725
3725	5505
3725	15911
21806	5366
1817	5366
21806	15911
24009	15911
3725	15911
15911	5505
3409	9800
1727	9800
178	9800
9800	7956
9800	12701
9800	18879
9800	23363
9800	25346
9800	26141
3409	26141
9800	26141
7956	26141
25346	26141
18001	22177
18001	25480
18001	22177
22177	1425
22177	2501
22177	2823
22177	5136
22177	5564
22177	7105
22177	7317
22177	9127
22177	13556
22177	14485
22177	14615
22177	15552
22177	17089
22177	19454
22177	22644
22177	22758
22177	23841
22177	24199
22177	25286
22177	25480
18001	25480
22177	25480
25480	3207
25480	7125
25480	20683
25480	22758
25480	25419
22177	1425
1425	1149
1425	4724
1425	6832
1425	7105
1425	15552
1425	19557
1425	23841
1425	25286
22177	2501
6804	2501
19624	2501
23708	2501
2501	5564
2501	7317
2501	8552
2501	22758
2501	24110
2501	24559
22177	2823
5564	2823
7317	2823
2823	9127
22177	5136
5136	13556
22177	7105
1425	7105
15552	7105
23841	7105
7105	25286
22177	7317
2501	7317
5564	7317
22758	7317
7317	920
7317	2823
7317	9127
22177	9127
5564	9127
7317	9127
2823	9127
22177	14615
1217	14615
24559	14615
18140	14615
17266	14615
14615	5488
14615	12735
14615	17089
14615	19454
14615	21587
22177	17089
1217	17089
14615	17089
5488	17089
12735	17089
19454	17089
22177	19454
14615	19454
19454	17089
22177	22758
25480	22758
20683	22758
25419	22758
14485	22758
5555	22758
2501	22758
5564	22758
22758	7125
22758	7317
22758	24126
22177	23841
5597	23841
23836	23841
1425	23841
15552	23841
6183	23841
23841	5601
23841	7105
23841	8854
23841	25286
25480	3207
25480	7125
4241	7125
639	7125
20683	7125
25419	7125
22758	7125
7125	3243
7125	5227
7125	7015
7125	9647
25480	20683
13556	20683
6934	20683
20683	7125
20683	18158
20683	22758
20683	25419
25480	25419
6934	25419
20683	25419
25419	7125
25419	22758
8916	2591
10762	2591
13276	2591
3909	2591
18517	2591
2591	16765
8916	8932
8916	9188
23880	9188
9188	19179
8916	9773
17536	9773
8916	13713
12334	13713
8916	19179
21432	19179
21491	19179
3909	19179
5993	19179
9188	19179
3910	19179
12334	14818
9710	14818
14818	10841
14818	11788
14818	19159
12334	26190
17932	26190
26190	743
26190	5769
26190	12365
2949	3839
21864	3839
3839	4146
3839	4284
3839	9643
3839	9785
3839	13615
3839	13837
3839	15194
3839	15623
3839	16674
3839	17250
3839	23470
3839	25094
3839	26067
2949	13615
3839	13615
16674	13615
2949	16674
21281	16674
3839	16674
16674	3955
16674	4146
16674	9785
16674	10532
16674	13615
16674	13837
16674	15623
16674	17250
16674	23470
16674	25094
7042	9269
7042	10113
7042	11661
7042	21994
7042	9269
21994	9269
7042	11661
10113	11661
11661	1488
11661	8715
11661	10096
11661	16210
11661	21142
11661	21167
7042	21994
10113	21994
13929	21994
23092	21994
4068	21994
11629	21994
21994	6190
21994	9269
21994	9943
21994	10656
21994	11002
21994	11403
21994	11951
21994	20106
21994	20129
21994	24060
21994	25610
10113	9943
13929	9943
11733	9943
9616	9943
22188	9943
21994	9943
9943	10543
9943	12268
9943	16006
9943	16357
9943	23110
10113	10096
11661	10096
7689	10096
13929	10096
16368	10096
21608	10096
16414	10096
11733	10096
23038	10096
9616	10096
10096	7522
10096	9217
10096	9907
10096	11734
10096	16010
10096	16495
10096	21167
10096	25585
10113	15614
16368	15614
16414	15614
11733	15614
17285	15614
15614	17172
15614	21407
10113	16368
6724	16368
16368	10096
16368	10923
16368	11821
16368	15614
16368	16013
16368	16414
16368	17392
16368	21469
16368	23503
10113	17285
21608	17285
11733	17285
17285	676
17285	15614
17285	17172
10113	21407
3561	21407
9616	21407
15614	21407
17172	21407
16210	21407
11661	8715
20478	8715
23038	8715
25582	8715
11661	21142
16210	21142
11661	21167
10096	21167
13621	25388
13621	25388
284	6427
284	6427
6427	16835
6427	18677
6427	21696
6427	25854
6427	25940
6427	16835
16835	18677
6427	18677
16835	18677
6427	21696
21696	25854
6427	25854
21696	25854
6427	25940
19423	25940
1044	9485
16123	9485
1044	10435
8774	10435
21823	10435
1044	14698
1044	21823
8774	21823
21823	10435
811	6468
811	9964
811	11919
811	15123
811	16083
811	17021
811	19517
811	22989
811	23485
811	9964
25469	9964
9964	23485
9964	23751
811	11919
6468	11919
11919	11442
11919	13651
811	15123
15123	8069
15123	16083
811	17021
17021	8787
811	19517
19517	24
19517	3858
19517	10871
19517	15066
19517	22989
19517	23161
19517	25378
811	22989
19517	22989
22989	10871
22989	15066
22989	25378
811	23485
25469	23485
11442	23485
9964	23485
23485	23266
23485	23751
15123	8069
8069	22888
2127	11712
2127	11712
11712	10762
11712	10871
11712	15829
11712	16106
11712	17207
11712	17670
11712	18286
11712	18612
11712	19234
11712	19724
11712	22876
11712	10871
13847	10871
17207	10871
19517	10871
22989	10871
5934	10871
15066	10871
16469	10871
10871	1594
10871	9392
10871	15382
10871	18612
10871	24252
10871	25378
11712	15829
1217	15829
3944	15829
15829	22876
11712	16106
18286	16106
16106	17670
16106	19724
11712	17207
3412	17207
10762	17207
13847	17207
17207	3096
17207	5934
17207	10871
17207	12806
17207	18612
17207	25698
11712	17670
18286	17670
16106	17670
17670	19724
11712	18286
3096	18286
7450	18286
13955	18286
18286	16106
18286	17670
18286	23967
11712	18612
17207	18612
10871	18612
18612	9392
11712	19234
11712	19724
16106	19724
17670	19724
11712	22876
449	22876
15066	22876
12491	22876
13384	22876
15829	22876
22876	12547
22876	14079
22876	17248
22876	21032
22876	22105
22876	25181
22876	25911
3412	10762
3412	13847
3412	17207
10762	894
894	5441
894	5717
894	14351
894	22734
10762	4814
3909	4814
4814	6064
4814	8161
4814	8340
4814	9439
4814	12054
4814	19109
4814	21468
4814	23246
10762	5441
12659	5441
894	5441
5441	5717
5441	10623
5441	14351
5441	21665
5441	22734
10762	5717
24559	5717
13647	5717
894	5717
5441	5717
5209	5717
5717	7090
5717	11792
5717	16831
10762	5934
17207	5934
5934	482
5934	3411
5934	4428
5934	5392
5934	6317
5934	7541
5934	10871
5934	15066
5934	15664
5934	16469
5934	17665
5934	20424
5934	24734
5934	25378
5934	25698
10762	9075
22778	9075
10762	10623
7712	10623
18517	10623
12659	10623
5441	10623
10623	21665
10762	11223
16310	11223
10524	11223
11223	18489
10762	11491
21324	11491
12659	11491
10762	12659
12032	12659
21324	12659
12659	1258
12659	5441
12659	10623
12659	11491
12659	14619
12659	21665
10762	14351
23708	14351
25250	14351
22336	14351
894	14351
5441	14351
14351	6434
14351	8976
14351	21162
10762	19807
16310	19807
10762	21324
10620	21324
22530	21324
21324	11491
21324	12659
10762	21665
12659	21665
5441	21665
10623	21665
10762	22734
894	22734
5441	22734
10762	22778
13276	22778
13614	22778
13282	22778
22778	6638
22778	9075
22778	10711
22778	18517
22778	23351
22778	23943
10762	23246
4814	23246
8161	23246
19109	23246
23246	6064
23246	9439
10762	25698
17207	25698
13276	25698
13929	25698
5934	25698
20148	25698
22366	25698
22699	25698
25698	4068
25698	9255
25698	9986
25698	11719
25698	23805
13847	7615
24371	7615
7615	5107
7615	5605
7615	15657
7615	18540
7615	25402
17207	12806
14599	12806
3096	12806
24057	12806
13624	12806
17731	12806
7689	1620
3310	1620
3677	1620
1620	15329
1620	21321
1620	22791
1620	24057
7689	3922
1711	3922
24753	3922
6468	3922
10711	3922
3922	3204
3922	11557
3922	14667
3922	20046
3922	25937
7689	9133
7689	9895
7689	9907
8968	9907
21491	9907
16414	9907
23552	9907
10096	9907
9907	9217
9907	16010
9907	17086
9907	25585
7689	11791
10711	11791
11791	19060
7689	18457
7689	19131
7689	19997
7689	21491
8968	21491
21432	21491
13929	21491
21491	3909
21491	4068
21491	7522
21491	9907
21491	9944
21491	16006
21491	16210
21491	16389
21491	16414
21491	17086
21491	19179
21491	20478
21491	21341
21491	21379
21491	23552
21491	25569
7689	22426
5655	22426
17626	22426
13619	22426
18585	22426
22426	2771
7689	22791
1620	22791
7689	25158
25158	6524
25158	9241
7689	25316
13556	25316
18521	25316
25316	11841
25316	16708
25316	23901
17228	352
21943	352
23513	352
17228	3996
3996	3068
3996	5631
3996	16067
3996	19569
17228	10555
20207	10555
16921	10555
21646	10555
10555	3524
10555	11591
17228	15850
6264	15850
21943	15850
15850	385
15850	12849
17228	19101
7829	19101
19101	715
19101	1896
19101	16554
17228	20533
21943	20533
20533	23513
17228	21943
17559	21943
14599	21943
13520	21943
1674	21943
3323	21943
21943	352
21943	13191
21943	15850
21943	18331
21943	20533
21943	22603
21943	23513
17228	22603
21943	22603
17228	23513
21943	23513
20533	23513
23513	352
17228	25034
17559	25034
21646	25034
25034	851
25034	1674
25034	2713
25034	3265
25034	9184
25034	9283
25034	12927
25034	13199
25034	15479
25034	16837
25034	18032
25034	19568
25034	20004
25034	20373
25034	23204
25034	25516
20207	1280
16921	1280
1958	1280
20207	5851
16921	5851
13520	5851
20207	11591
16921	11591
21646	11591
10555	11591
11591	1958
11591	13520
11591	19781
11591	19927
20207	13520
16921	13520
11591	13520
22224	13520
14599	13520
22826	13520
1958	13520
6911	13520
13520	122
13520	5851
13520	6530
13520	6707
13520	15971
13520	17599
13520	18331
13520	21943
20207	16921
16921	122
16921	1280
16921	1958
16921	5851
16921	6530
16921	6707
16921	6911
16921	10555
16921	11591
16921	13520
16921	21646
20207	21646
17559	21646
16921	21646
21646	9184
21646	10555
21646	11591
21646	15479
21646	20373
21646	25034
17559	1674
17559	3323
17559	8680
17559	9184
17559	13813
17559	19204
17559	19206
17559	19657
17559	20373
17559	21646
17559	21943
17559	23204
17559	25034
17559	1674
25034	1674
1674	3323
1674	20004
1674	21943
1674	25516
17559	3323
13190	3323
1674	3323
3323	21653
3323	21943
17559	8680
13813	8680
20344	8680
19204	8680
23204	8680
17559	9184
9889	9184
21646	9184
25034	9184
20373	9184
14599	9184
23204	9184
17001	9184
18013	9184
10381	9184
17911	9184
9184	1408
9184	7024
9184	9143
9184	9147
9184	14647
9184	16332
9184	17393
9184	17827
9184	18736
9184	19940
17559	13813
19206	13813
13813	409
13813	2474
13813	4241
13813	6746
13813	8680
13813	10476
13813	16568
13813	19204
13813	20373
13813	21771
13813	24620
17559	19204
13813	19204
23134	19204
20344	19204
19204	409
19204	2001
19204	3633
19204	6746
19204	7935
19204	8680
19204	23204
17559	19206
19206	13813
19206	23204
17559	19657
19657	573
19657	1430
19657	2072
19657	4966
19657	13142
19657	19493
19657	21075
19657	22278
19657	23134
17559	20373
13813	20373
1877	20373
2042	20373
21646	20373
25034	20373
20373	1341
20373	1408
20373	2474
20373	4273
20373	4422
20373	5259
20373	6264
20373	7355
20373	9143
20373	9184
20373	10381
20373	14357
20373	14746
20373	15479
20373	16332
20373	18736
20373	19568
20373	19940
20373	23204
17559	23204
19206	23204
23134	23204
25034	23204
20373	23204
20344	23204
19204	23204
23204	2001
23204	3633
23204	7935
23204	8680
23204	9184
13813	409
19204	409
409	6746
13813	2474
20373	2474
2474	18344
13813	4241
4241	639
4241	1727
4241	1941
4241	5227
4241	7015
4241	7125
4241	9647
4241	10055
4241	10476
4241	12852
4241	15846
4241	16333
4241	16347
4241	19297
4241	21705
4241	21771
4241	24924
13813	6746
19204	6746
409	6746
13813	10476
4241	10476
11284	10476
4875	10476
13813	16568
24620	16568
5385	16568
16568	24589
13813	21771
4241	21771
21771	2559
21771	5543
21771	5767
21771	10931
21771	24097
13813	24620
10235	24620
24620	16568
7504	2081
7504	2664
7504	12212
12212	1545
12212	2202
12212	5107
12212	5266
12212	6030
12212	9829
12212	13528
12212	14628
12212	15206
12212	17233
12212	18158
12212	21317
12212	22574
12212	24271
7504	13528
12212	13528
7504	14628
12212	14628
7504	22574
12212	22574
10956	22574
20616	22574
22574	2385
22574	5636
22574	11602
22574	17988
22574	20783
7504	25872
12212	1545
1545	5107
1545	7007
1545	8547
1545	10791
1545	10919
1545	11275
1545	15600
1545	15608
1545	16644
1545	22074
1545	24568
1545	25996
1545	26098
12212	2202
9829	2202
17233	2202
2202	24271
12212	15206
12212	17233
9829	17233
17233	2202
17233	24271
12212	18158
20683	18158
18158	21317
12212	21317
18158	21317
12212	24271
9829	24271
17233	24271
2202	24271
1545	8547
24568	8547
26098	8547
25996	8547
1545	10791
10791	1059
10791	6154
10791	7725
10791	10919
10791	11125
10791	11275
10791	13705
10791	15435
10791	15608
10791	16039
10791	17821
10791	18540
10791	20536
10791	23529
1545	10919
10791	10919
1545	11275
10791	11275
5464	11275
13556	11275
11275	2848
11275	2922
11275	4896
11275	5246
11275	7801
11275	8666
11275	10552
11275	12884
11275	14638
11275	15608
11275	16123
11275	18511
11275	21754
11275	22366
11275	25988
1545	15600
24568	15600
26098	15600
1545	15608
10791	15608
11275	15608
6154	15608
15608	7725
15608	18540
1545	16644
1545	24568
24371	24568
6219	24568
18160	24568
24568	8547
24568	15600
24568	18161
24568	26098
1545	25996
7007	25996
25996	7069
25996	8547
25996	22798
1545	26098
24568	26098
16640	26098
23855	26098
26098	8547
26098	15600
10791	1059
11125	1059
23529	1059
10791	6154
5194	6154
15435	6154
14430	6154
6154	1073
6154	3034
6154	7725
6154	15608
6154	15959
6154	18297
6154	18399
6154	18540
6154	19686
6154	20335
6154	22523
10791	7725
14430	7725
6154	7725
15608	7725
18540	7725
7725	22523
10791	11125
11125	1059
11125	23529
10791	13705
10791	15435
13384	15435
22242	15435
7069	15435
15435	3034
15435	6154
15435	6156
15435	14165
15435	15244
15435	16485
15435	18381
15435	19686
15435	20335
15435	22523
10791	16039
2917	16039
16039	2010
16039	6031
16039	8064
16039	17821
16039	20599
10791	17821
16039	17821
10791	18540
17082	18540
24371	18540
1588	18540
7615	18540
13056	18540
6154	18540
15608	18540
18540	3681
18540	7725
18540	13328
18540	15959
18540	23805
18540	24592
10791	20536
23529	20536
10791	23529
11125	23529
23529	281
23529	1059
23529	17884
23529	20536
23529	20538
23529	23805
23529	24032
10588	3916
10588	4525
10588	4952
10588	5352
10588	5729
10588	10490
10588	12101
10588	13801
10588	15311
10588	21754
10588	23134
10588	24614
10588	3916
5729	3916
135	3916
3916	4102
3916	5352
3916	10490
3916	24614
3916	26176
10588	4525
21754	4525
4525	2356
4525	6337
4525	10490
4525	17419
4525	18105
4525	24762
10588	4952
17843	4952
4952	1321
4952	1685
4952	2556
4952	4433
4952	5125
4952	7625
4952	8134
4952	10490
4952	10895
4952	11899
4952	12687
4952	13711
4952	13801
4952	16159
4952	16162
4952	16475
4952	16899
4952	17655
4952	19167
4952	19387
4952	21089
4952	21727
4952	23409
4952	23863
4952	24696
4952	25565
10588	5352
5729	5352
3916	5352
10490	5352
10588	5729
5729	3916
5729	5352
10588	10490
4952	10490
21754	10490
3916	10490
24614	10490
4525	10490
10490	5352
10490	7985
10490	13966
10588	12101
11785	12101
12101	1023
12101	1675
12101	2512
12101	3058
12101	10427
12101	11815
12101	20613
12101	20850
12101	20924
12101	23420
10588	13801
23939	13801
4952	13801
25006	13801
20478	13801
5953	13801
1588	13801
5901	13801
3006	13801
12687	13801
12874	13801
12545	13801
1488	13801
23967	13801
20100	13801
4102	13801
10376	13801
14746	13801
23149	13801
13801	7481
13801	7563
13801	7578
13801	8063
13801	8122
13801	8972
13801	9769
13801	10652
13801	13999
13801	14932
13801	15253
13801	15325
13801	16647
13801	17655
13801	17911
13801	19387
13801	20119
13801	21614
13801	22144
13801	22489
13801	22979
13801	23412
13801	23681
13801	23741
13801	25443
13801	26127
10588	15311
23134	15311
3006	15311
7985	15311
16872	15311
10588	21754
11275	21754
16123	21754
21754	1519
21754	4525
21754	8768
21754	9937
21754	10490
21754	16414
21754	23038
21754	24270
21754	25435
10588	23134
19657	23134
13142	23134
6408	23134
16159	23134
5953	23134
23134	3006
23134	4283
23134	4442
23134	5695
23134	5901
23134	7935
23134	9735
23134	15311
23134	17859
23134	18208
23134	19204
23134	19493
23134	23149
23134	23204
23134	25896
10588	24614
5901	24614
3916	24614
24614	4117
24614	4301
24614	10490
24614	16471
1310	4493
25931	4493
23720	4493
4493	930
4493	17189
1310	14627
25931	14627
4798	14627
14627	7926
14627	17991
1310	23720
25931	23720
23720	930
23720	4493
23720	4760
23720	17189
25931	930
23720	930
4493	930
930	17189
930	25904
25931	3946
25931	4760
23720	4760
25931	17189
23720	17189
4493	17189
930	17189
9710	10463
17746	10463
9710	10526
9710	11788
14818	11788
19159	11788
9710	17746
11325	17746
17746	10463
17746	12743
17746	21712
17746	25729
9710	18189
9710	21438
9710	22611
19107	22611
9710	26038
17932	26038
26038	3265
26038	3998
26038	8513
26038	10501
26038	13029
26038	13622
26038	13682
26038	16324
26038	16640
26038	16749
26038	23855
26038	26059
26038	26065
7007	4195
12587	4195
24402	4195
4195	8737
4195	13862
7007	7069
25996	7069
7069	15435
7069	16485
7007	9098
12587	9098
7007	17721
18365	17721
1403	17721
2926	17721
6023	17721
14781	17721
17721	10983
17721	16765
17721	17017
17721	17161
7007	21723
23836	21723
25050	21723
17681	21723
21723	11113
7007	24587
17536	7895
7895	23267
17536	11863
11863	12110
17536	12110
2115	12110
11863	12110
1000	178
1000	1149
1000	1694
1000	2115
1000	4575
1000	5107
1000	5605
1000	6288
1000	9829
1000	12016
1000	12070
1000	13008
1000	13469
1000	14485
1000	16101
1000	18250
1000	20667
1000	20716
1000	22644
1000	23107
1000	23344
1000	23939
1000	24199
1000	25402
1000	25948
1000	1149
1425	1149
4575	1149
1149	4189
1149	12016
1149	16234
1149	17251
1149	18373
1149	20557
1000	1694
13008	1694
18719	1694
4575	1694
12070	1694
25402	1694
1694	5605
1694	6288
1694	12496
1694	25201
1000	2115
2115	4756
2115	5302
2115	5497
2115	8298
2115	8666
2115	9241
2115	10983
2115	12110
2115	12141
2115	12709
2115	13711
2115	18443
2115	18658
2115	18667
2115	20716
2115	26157
1000	4575
19992	4575
22644	4575
18940	4575
25948	4575
4575	1149
4575	1694
4575	4635
4575	4782
4575	7926
4575	12016
4575	15582
4575	16953
4575	17472
4575	18250
4575	19356
4575	19707
4575	21930
4575	24835
1000	5605
13008	5605
7615	5605
12070	5605
25402	5605
1694	5605
3052	5605
5605	6288
5605	6711
5605	22725
1000	6288
13008	6288
12070	6288
25402	6288
1694	6288
5605	6288
1000	12016
19865	12016
18271	12016
4575	12016
1149	12016
12016	6904
12016	18899
1000	12070
13008	12070
1736	12070
14424	12070
19462	12070
1914	12070
12070	1694
12070	5605
12070	6288
12070	25402
1000	13469
16101	13469
449	13469
10615	13469
12074	13469
13469	500
13469	4631
13469	5116
13469	16754
13469	19612
13469	23137
13469	24454
1000	16101
1877	16101
2042	16101
15880	16101
16101	13008
16101	13469
16101	14485
16101	20014
16101	23137
16101	23344
1000	18250
4575	18250
1000	20667
1000	20716
1727	20716
22601	20716
3651	20716
5953	20716
5901	20716
2115	20716
11785	20716
25346	20716
20716	3877
20716	4354
20716	5412
20716	6544
20716	7357
20716	7719
20716	9397
20716	10477
20716	11445
20716	12788
20716	18185
20716	19246
20716	19463
20716	20780
20716	21861
20716	22284
20716	22741
20716	22887
20716	23514
1000	23107
23107	6963
23107	8045
23107	8374
23107	11964
23107	16694
23107	17465
23107	19865
23107	23939
1000	23344
16101	23344
13008	23344
19865	23344
14485	23344
23344	10956
23344	15931
23344	20089
23344	25358
1000	23939
23107	23939
23939	3006
23939	3630
23939	4416
23939	5901
23939	5953
23939	7911
23939	8730
23939	10406
23939	12874
23939	13177
23939	13801
23939	16817
23939	19297
23939	19723
23939	24885
1000	25402
13008	25402
7615	25402
12070	25402
25402	1694
25402	5605
25402	6288
1000	25948
24860	25948
25948	4575
25948	24199
23107	6963
19865	6963
2870	6963
19340	6963
11964	6963
16694	6963
6963	7956
6963	9732
6963	11572
6963	12781
6963	16696
6963	21630
23107	8374
19865	8374
8374	17465
23107	17465
19865	17465
8374	17465
23107	19865
3547	19865
21910	19865
13556	19865
19865	1405
19865	2511
19865	4472
19865	4724
19865	6904
19865	6963
19865	7452
19865	8374
19865	11964
19865	12016
19865	12491
19865	12781
19865	13369
19865	14346
19865	15931
19865	16694
19865	17465
19865	18065
19865	18271
19865	19244
19865	23344
19865	23989
23939	3006
5953	3006
23134	3006
5695	3006
3006	7578
3006	13801
3006	14834
3006	15311
3006	15821
3006	22100
23939	3630
13142	3630
4416	3630
3630	7715
3630	7911
3630	8150
3630	8768
3630	16817
23939	5901
14308	5901
5597	5901
3547	5901
22082	5901
9066	5901
5953	5901
23134	5901
1588	5901
5695	5901
5901	4301
5901	7481
5901	7911
5901	12874
5901	13801
5901	14403
5901	15175
5901	16265
5901	16274
5901	19527
5901	19791
5901	20716
5901	21614
5901	22144
5901	22493
5901	22722
5901	24614
23939	5953
13142	5953
5953	3006
5953	5695
5953	5901
5953	12874
5953	13801
5953	14403
5953	16274
5953	19493
5953	20716
5953	23134
5953	23149
5953	24885
